(4,2)
(4,3)(4,4)
(3,3)(3,4)
(3,5)
(3,7)(3,6)
(3,8)
(2,8)(1,8)
(2,9)(1,9)
(3,9)
(3,8)(3,7)
(2,8)(2,7)
(1,8)(1,7)
(1,9)
(1,10)(1,11)
(1,12)
(3,12)(2,12)
(4,12)
(4,13)(4,14)
(4,15)
(6,15)(5,15)
erro(4,2)
(4,1)(4,0)
erro(4,2)
(4,3)(4,4)
(3,3)(3,4)
(3,5)
(3,7)(3,6)
(3,8)
(2,8)(1,8)
(2,9)(1,9)
(3,9)
(3,8)(3,7)
(2,8)(2,7)
(1,8)(1,7)
(1,9)
(1,10)(1,11)
(1,12)
(3,12)(2,12)
(4,12)
(4,13)(4,14)
(3,13)(3,14)
(3,15)
(5,15)(4,15)
(5,14)(4,14)
(3,14)
(3,12)(3,13)
(4,12)(4,13)
(4,14)
sucesso(4,2)
(4,3)(4,4)
(3,3)(3,4)
(3,5)
(3,7)(3,6)
(3,8)
(2,8)(1,8)
(2,7)(1,7)
(3,7)
(3,8)(3,9)
(2,8)(2,9)
(1,8)(1,9)
(1,10)
(1,12)(1,11)
(1,13)
(2,13)(3,13)
(4,13)
(4,15)(4,14)
(3,15)(3,14)
(3,13)
(1,13)(2,13)
(1,12)(2,12)
(3,12)
(3,14)(3,13)
(4,14)(4,13)
(4,15)
(4,14)(4,13)
(5,14)(5,13)
(5,15)
(4,15)(3,15)
(4,14)(3,14)
(4,13)(3,13)
(4,12)(3,12)
(4,13)(3,13)
(5,13)
(5,14)(5,15)
(5,13)
(4,13)(3,13)
(4,14)(3,14)
(4,15)(3,15)
(5,15)
(5,14)(5,13)
(4,14)(4,13)
(3,14)(3,13)
(3,15)
(4,15)(5,15)
(4,14)(5,14)
(3,14)
(3,13)(3,12)
(4,13)(4,12)
(4,14)
sucesso(4,2)
(4,3)(4,4)
(3,3)(3,4)
(3,5)
(3,7)(3,6)
(3,8)
(2,8)(1,8)
(2,9)(1,9)
(3,9)
(3,8)(3,7)
(2,8)(2,7)
(1,8)(1,7)
(1,9)
(1,10)(1,11)
(1,12)
(3,12)(2,12)
(4,12)
(4,13)(4,14)
(3,13)(3,14)
(3,15)
(5,15)(4,15)
(5,14)(4,14)
(3,14)
(3,12)(3,13)
(4,12)(4,13)
(4,14)
sucesso(4,2)
(4,3)(4,4)
(3,3)(3,4)
(3,5)
(3,7)(3,6)
(3,8)
(2,8)(1,8)
(2,7)(1,7)
(3,7)
(3,8)(3,9)
(2,8)(2,9)
(1,8)(1,9)
(1,10)
(1,12)(1,11)
(1,13)
(2,13)(3,13)
(4,13)
(4,15)(4,14)
(3,15)(3,14)
(3,13)
(5,13)(4,13)
(5,14)(4,14)
(3,14)
(3,12)(3,13)
(4,12)(4,13)
(4,14)
sucesso(4,2)
(4,3)(4,4)
(3,3)(3,4)
(3,5)
(3,7)(3,6)
(3,8)
(2,8)(1,8)
(2,9)(1,9)
(3,9)
(3,8)(3,7)
(2,8)(2,7)
(1,8)(1,7)
(1,9)
(1,10)(1,11)
(1,12)
(3,12)(2,12)
(4,12)
(4,13)(4,14)
(3,13)(3,14)
(3,15)
(5,15)(4,15)
(5,14)(4,14)
(3,14)
(3,12)(3,13)
(4,12)(4,13)
(4,14)
sucesso(4,2)
(4,3)(4,4)
(3,3)(3,4)
(3,5)
(3,7)(3,6)
(3,8)
(2,8)(1,8)
(2,9)(1,9)
(3,9)
(3,8)(3,7)
(2,8)(2,7)
(1,8)(1,7)
(1,9)
(1,10)(1,11)
(1,12)
(3,12)(2,12)
(4,12)
(4,13)(4,14)
(3,13)(3,14)
(3,15)
(5,15)(4,15)
(5,14)(4,14)
(3,14)
(3,12)(3,13)
(4,12)(4,13)
(4,14)
sucesso