(4,1)
(4,2)(4,3)
(4,4)
(4,6)(4,5)
(5,6)(5,5)
(6,6)(6,5)
(6,7)
(7,7)(8,7)
(9,7)
(9,9)(9,8)
(10,9)(10,8)
(10,10)
(9,10)(8,10)
(9,9)(8,9)
(9,8)(8,8)
(9,7)(8,7)
(7,7)
(5,7)(6,7)
(5,6)(6,6)
(4,6)
(3,6)(2,6)
(1,6)
(1,8)(1,7)
(1,9)
(1,10)(1,11)
(2,10)(2,11)
(3,10)(3,11)
(3,9)
(2,9)(1,9)
(2,10)(1,10)
(2,11)(1,11)
(3,11)
(3,12)(3,13)
(4,12)(4,13)
(5,12)(5,13)
(5,14)
sucesso(4,1)
(4,2)(4,3)
(4,4)
(4,6)(4,5)
(5,6)(5,5)
(6,6)(6,5)
(6,7)
(7,7)(8,7)
(9,7)
(9,9)(9,8)
(10,9)(10,8)
(10,10)
(9,10)(8,10)
(9,9)(8,9)
(9,8)(8,8)
(9,7)(8,7)
(7,7)
(5,7)(6,7)
(5,6)(6,6)
(4,6)
(3,6)(2,6)
(1,6)
(1,8)(1,7)
(1,9)
(2,9)(3,9)
(2,10)(3,10)
(2,11)(3,11)
(1,11)
(1,10)(1,9)
(2,10)(2,9)
(3,10)(3,9)
(3,11)
(3,12)(3,13)
(4,12)(4,13)
(5,12)(5,13)
(5,14)
sucesso(4,1)
(4,2)(4,3)
(4,4)
(4,6)(4,5)
(5,6)(5,5)
(6,6)(6,5)
(6,7)
(6,6)(6,5)
(5,6)(5,5)
(5,7)
(6,7)(7,7)
(8,7)
(8,9)(8,8)
(9,9)(9,8)
(10,9)(10,8)
(10,10)
(9,10)(8,10)
(9,9)(8,9)
(9,8)(8,8)
(9,7)(8,7)
(7,7)
(5,7)(6,7)
(5,6)(6,6)
(4,6)
(3,6)(2,6)
(1,6)
(1,8)(1,7)
(1,9)
(2,9)(3,9)
(1,9)
(1,10)(1,11)
(1,9)
(2,9)(3,9)
(2,10)(3,10)
(2,11)(3,11)
(1,11)
(1,10)(1,9)
(2,10)(2,9)
(3,10)(3,9)
(3,11)
(3,12)(3,13)
(4,12)(4,13)
(5,12)(5,13)
(5,14)
sucesso