(3,4)
(2,4)(1,4)
(2,3)(1,3)
(2,2)(1,2)
(2,1)(1,1)
(3,1)
(4,1)(5,1)
(4,2)(5,2)
(4,3)(5,3)
(6,3)
(6,5)(6,4)
(6,6)
(6,7)(6,8)
(6,9)
(6,11)(6,10)
(5,11)(5,10)
(5,12)
(4,12)(3,12)
(4,11)(3,11)
(4,10)(3,10)
(2,10)
sucesso(3,4)
(2,4)(1,4)
(2,3)(1,3)
(2,2)(1,2)
(2,1)(1,1)
(3,1)
(4,1)(5,1)
(4,2)(5,2)
(4,3)(5,3)
(6,3)
(6,5)(6,4)
(6,6)
(6,7)(6,8)
(6,9)
(6,11)(6,10)
(5,11)(5,10)
(5,9)
(3,9)(4,9)
(3,10)(4,10)
(2,10)
sucesso(3,4)
(2,4)(1,4)
(2,3)(1,3)
(2,2)(1,2)
(2,1)(1,1)
(3,1)
(4,1)(5,1)
(4,2)(5,2)
(4,3)(5,3)
(6,3)
(6,5)(6,4)
(6,6)
(6,7)(6,8)
(6,9)
(6,11)(6,10)
(5,11)(5,10)
(5,9)
(3,9)(4,9)
(3,10)(4,10)
(2,10)
sucesso(3,4)
(2,4)(1,4)
(2,3)(1,3)
(2,2)(1,2)
(2,1)(1,1)
(3,1)
(4,1)(5,1)
(4,2)(5,2)
(4,3)(5,3)
(6,3)
(6,5)(6,4)
(6,6)
(6,7)(6,8)
(6,9)
(4,9)(5,9)
(3,9)
(3,10)(3,11)
(4,10)(4,11)
(5,10)(5,11)
(5,9)
(4,9)(3,9)
(4,10)(3,10)
(2,10)
sucesso