(6,1)
(6,2)(6,3)
(6,4)
(6,2)(6,3)
(6,1)
(6,2)(6,3)
(7,2)(7,3)
erro(6,1)
(6,2)(6,3)
(6,4)
(6,1)
(6,2)(6,3)
(6,4)
(6,6)(6,5)
(6,7)
(5,7)(4,7)
(5,6)(4,6)
(6,6)
(7,6)(8,6)
(9,6)
(9,8)(9,7)
(9,9)
(9,10)(9,11)
(10,10)(10,11)
(10,9)
(9,9)(8,9)
(9,8)(8,8)
(9,7)(8,7)
(9,6)(8,6)
(7,6)
(5,6)(6,6)
(5,7)(6,7)
(4,7)
(4,8)(4,9)
(4,10)
(6,10)(5,10)
(6,11)(5,11)
(4,11)
(4,9)(4,10)
(4,8)
(4,7)(4,6)
(5,7)(5,6)
(6,7)(6,6)
(6,5)
(6,3)(6,4)
(6,2)
(5,2)(4,2)
(3,2)
(3,4)(3,3)
(2,4)(2,3)
(1,4)(1,3)
(1,2)
(3,2)(2,2)
(3,3)(2,3)
(1,3)
(1,5)(1,4)
(2,5)(2,4)
(2,3)
sucesso(6,1)
(5,1)(4,1)
erro