(2,2)
(3,2)(4,2)
(3,3)(4,3)
(3,4)(4,4)
(3,5)(4,5)
(3,6)(4,6)
(3,7)(4,7)
(3,8)(4,8)
(5,8)
sucesso(2,2)
(3,2)(4,2)
(3,3)(4,3)
(3,4)(4,4)
(3,5)(4,5)
(3,6)(4,6)
(3,7)(4,7)
(3,8)(4,8)
(5,8)
sucesso(2,2)
(2,3)(2,4)
(3,3)(3,4)
(3,5)
(3,7)(3,6)
(4,7)(4,6)
(5,7)(5,6)
(5,8)
sucesso(2,2)
(3,2)(4,2)
(3,3)(4,3)
(3,4)(4,4)
(3,5)(4,5)
(3,6)(4,6)
(3,7)(4,7)
(3,8)(4,8)
(5,8)
sucesso(2,2)
(3,2)(4,2)
(5,2)
erro(2,2)
(3,2)(4,2)
(5,2)
erro(2,2)
(3,2)(4,2)
(5,2)
erro(2,2)
(3,2)(4,2)
(3,3)(4,3)
(5,3)
erro(2,2)
(2,3)(2,4)
(3,3)(3,4)
(3,5)
(1,5)(2,5)
erro(2,2)
(3,2)(4,2)
(3,3)(4,3)
(5,3)
erro(2,2)
(3,2)(4,2)
(5,2)
erro(2,2)
(3,2)(4,2)
(5,2)
erro(2,2)
(3,2)(4,2)
(5,2)
erro(2,2)
(2,3)(2,4)
(3,3)(3,4)
(3,5)
(3,7)(3,6)
(4,7)(4,6)
(5,7)(5,6)
(5,8)
sucesso(2,2)
(2,2)
(2,2)
(2,2)
(2,2)
(2,2)
(2,2)
(2,3)(2,4)
(3,3)(3,4)
(3,5)
(3,7)(3,6)
(4,7)(4,6)
(5,7)(5,6)
(5,8)
sucesso(2,2)
(2,2)
(2,2)
(2,2)
(2,2)
(2,2)
(2,2)
