(4,2)
(5,2)(6,2)
(7,2)
(7,4)(7,3)
(8,4)(8,3)
(8,5)
(8,6)(8,7)
(8,8)
(6,8)(7,8)
(5,8)
(5,9)(5,10)
(6,9)(6,10)
(6,8)
(5,8)(4,8)
(5,9)(4,9)
(3,9)
(1,9)(2,9)
(1,10)(2,10)
(1,11)(2,11)
(1,12)(2,12)
(3,12)
(3,14)(3,13)
(4,14)(4,13)
(4,15)
(5,15)(6,15)
(5,14)(6,14)
(4,14)
sucesso(4,2)
(5,2)(6,2)
(5,1)(6,1)
(4,1)
(4,2)(4,3)
(5,2)(5,3)
(6,2)(6,3)
(7,2)(7,3)
(6,2)(6,3)
(5,2)(5,3)
(4,2)(4,3)
(4,1)
(5,1)(6,1)
(5,2)(6,2)
(7,2)
(7,4)(7,3)
(8,4)(8,3)
(8,5)
(8,6)(8,7)
(8,8)
(6,8)(7,8)
(5,8)
(5,9)(5,10)
(6,9)(6,10)
(6,8)
(5,8)(4,8)
(5,9)(4,9)
(3,9)
(1,9)(2,9)
(1,10)(2,10)
(1,11)(2,11)
(1,12)(2,12)
(3,12)
(3,14)(3,13)
(4,14)(4,13)
(4,15)
(5,15)(6,15)
(5,14)(6,14)
(4,14)
sucesso(4,2)
(5,2)(6,2)
(5,3)(6,3)
(5,2)(6,2)
(5,1)(6,1)
(4,1)
(4,2)(4,3)
(5,2)(5,3)
(6,2)(6,3)
(7,2)(7,3)
(6,2)(6,3)
(6,1)
(5,1)(4,1)
(5,2)(4,2)
(6,2)
(5,2)(4,2)
(5,3)(4,3)
(6,3)
(5,3)(4,3)
(5,2)(4,2)
(5,1)(4,1)
(3,1)
(3,3)(3,2)
(4,3)(4,2)
(5,3)(5,2)
(6,3)(6,2)
(7,3)(7,2)
(6,3)(6,2)
(5,3)(5,2)
(5,1)
(3,1)(4,1)
(5,1)
(5,3)(5,2)
(6,3)(6,2)
(6,1)
(4,1)(5,1)
(4,2)(5,2)
(6,2)
(4,2)(5,2)
(4,3)(5,3)
(6,3)
(8,3)(7,3)
(6,3)
(6,1)(6,2)
(5,1)(5,2)
(4,1)(4,2)
(4,3)
(6,3)(5,3)
(6,2)(5,2)
(7,2)
(7,3)(7,4)
(8,3)(8,4)
(8,5)
(8,7)(8,6)
(8,8)
(7,8)(6,8)
(5,8)
(5,10)(5,9)
(6,10)(6,9)
(6,8)
(4,8)(5,8)
(4,9)(5,9)
(3,9)
(2,9)(1,9)
(2,10)(1,10)
(2,11)(1,11)
(2,12)(1,12)
(3,12)
(3,13)(3,14)
(4,13)(4,14)
(4,15)
(6,15)(5,15)
(6,14)(5,14)
(4,14)
sucesso